<?xml version="1.0" standalone="no"?>
<!DOCTYPE svg PUBLIC "-//W3C//DTD SVG 20010904//EN"
 "http://www.w3.org/TR/2001/REC-SVG-20010904/DTD/svg10.dtd">
<svg version="1.0" xmlns="http://www.w3.org/2000/svg"
 width="200.000000pt" height="197.000000pt" viewBox="0 0 200.000000 197.000000"
 preserveAspectRatio="xMidYMid meet">

<g transform="translate(0.000000,197.000000) scale(0.100000,-0.100000)"
fill="#000000" stroke="none">
<path d="M352 1768 c-9 -9 -12 -200 -12 -810 0 -778 0 -798 19 -808 13 -6 217
-10 594 -10 l574 0 27 -41 c17 -25 33 -39 44 -37 24 5 62 79 70 135 3 27 8
247 9 491 2 286 7 441 13 437 6 -4 10 -71 10 -161 0 -130 2 -154 15 -154 13 0
15 26 15 170 l0 170 -24 10 c-18 6 -26 18 -28 42 -2 23 -10 36 -28 45 l-25 12
-5 258 -5 258 -625 3 c-479 2 -629 -1 -638 -10z m1233 -268 l0 -245 -32 -3
c-24 -2 -34 -9 -39 -26 -3 -12 -4 -252 -2 -534 l3 -512 -567 0 -568 0 0 785 0
785 603 -2 602 -3 0 -245z m55 -305 c0 -23 -4 -25 -45 -25 -41 0 -45 2 -45 25
0 23 4 25 45 25 41 0 45 -2 45 -25z m0 -495 l0 -430 -45 0 -45 0 0 430 0 430
45 0 45 0 0 -430z m-10 -505 c0 -15 -7 -40 -16 -57 l-17 -32 -18 23 c-11 13
-19 38 -19 57 0 32 2 34 35 34 31 0 35 -3 35 -25z"/>
<path d="M502 1548 c-7 -7 -12 -31 -12 -55 0 -32 5 -45 19 -53 12 -6 94 -10
196 -10 102 0 184 4 196 10 14 8 19 21 19 53 0 24 -5 48 -12 55 -8 8 -68 12
-203 12 -135 0 -195 -4 -203 -12z m378 -53 l0 -25 -175 0 -175 0 0 25 0 25
175 0 175 0 0 -25z"/>
<path d="M1073 1538 c3 -10 51 -13 197 -13 146 0 194 3 198 13 3 9 -41 12
-198 12 -157 0 -201 -3 -197 -12z"/>
<path d="M1075 1439 c-16 -25 18 -29 201 -27 160 3 189 5 189 18 0 13 -29 15
-192 18 -132 2 -194 -1 -198 -9z"/>
<path d="M508 1359 c-21 -12 -25 -88 -6 -107 17 -17 389 -17 406 0 7 7 12 31
12 55 0 32 -5 45 -19 53 -26 13 -370 13 -393 -1z m372 -59 c0 -19 -7 -20 -175
-20 -168 0 -175 1 -175 20 0 19 7 20 175 20 168 0 175 -1 175 -20z"/>
<path d="M1077 1334 c-20 -20 10 -24 194 -24 156 0 200 3 197 13 -4 9 -53 13
-194 15 -105 1 -193 -1 -197 -4z"/>
<path d="M1073 1218 c3 -10 51 -13 197 -13 146 0 194 3 198 13 3 9 -41 12
-198 12 -157 0 -201 -3 -197 -12z"/>
<path d="M502 1158 c-13 -13 -16 -76 -4 -96 7 -9 56 -12 213 -10 l204 3 0 55
0 55 -200 3 c-148 2 -204 -1 -213 -10z m378 -48 c0 -19 -7 -20 -175 -20 -168
0 -175 1 -175 20 0 19 7 20 175 20 168 0 175 -1 175 -20z"/>
<path d="M1075 1119 c-16 -25 18 -29 201 -27 160 3 189 5 189 18 0 13 -29 15
-192 18 -132 2 -194 -1 -198 -9z"/>
<path d="M1077 1014 c-20 -20 10 -24 194 -24 156 0 200 3 197 13 -4 9 -53 13
-194 15 -105 1 -193 -1 -197 -4z"/>
<path d="M502 968 c-17 -17 -15 -84 4 -102 13 -13 45 -16 195 -16 105 0 188 4
200 10 14 8 19 21 19 53 0 24 -5 48 -12 55 -17 17 -389 17 -406 0z m378 -53
l0 -25 -175 0 -175 0 0 25 0 25 175 0 175 0 0 -25z"/>
<path d="M1081 911 c-7 -5 -10 -14 -7 -20 10 -15 382 -15 392 0 14 23 -26 29
-196 29 -96 0 -181 -4 -189 -9z"/>
<path d="M1075 799 c-16 -25 18 -29 201 -27 160 3 189 5 189 18 0 13 -29 15
-192 18 -132 2 -194 -1 -198 -9z"/>
<path d="M497 774 c-12 -12 -8 -89 5 -102 14 -14 384 -17 406 -3 9 5 12 25 10
57 l-3 49 -206 3 c-113 1 -208 -1 -212 -4z m383 -49 l0 -25 -175 0 -175 0 0
25 0 25 175 0 175 0 0 -25z"/>
<path d="M1074 689 c-14 -23 26 -29 196 -29 170 0 210 6 196 29 -5 7 -68 11
-196 11 -128 0 -191 -4 -196 -11z"/>
<path d="M537 513 c-4 -3 -7 -34 -7 -69 0 -68 6 -74 78 -74 58 0 86 53 66 128
-6 20 -12 22 -68 22 -35 0 -66 -3 -69 -7z m103 -63 l0 -40 -40 0 c-39 0 -40 1
-40 33 0 19 3 37 7 40 3 4 21 7 40 7 32 0 33 -1 33 -40z"/>
<path d="M777 513 c-4 -3 -7 -34 -7 -69 0 -70 4 -74 79 -74 59 0 71 12 71 71
0 75 -4 79 -74 79 -35 0 -66 -3 -69 -7z m101 -65 c3 -37 3 -38 -32 -38 -35 0
-36 1 -36 41 0 39 1 40 33 37 29 -3 32 -6 35 -40z"/>
<path d="M1022 508 c-19 -19 -16 -124 4 -132 20 -8 98 -8 118 0 20 8 23 113 4
132 -7 7 -35 12 -63 12 -28 0 -56 -5 -63 -12z m98 -63 c0 -33 -2 -35 -35 -35
-33 0 -35 2 -35 35 0 33 2 35 35 35 33 0 35 -2 35 -35z"/>
<path d="M1260 501 c-15 -29 -12 -107 4 -120 9 -7 38 -11 73 -9 l58 3 3 58 c4
75 -6 87 -74 87 -42 0 -55 -4 -64 -19z m110 -56 c0 -34 -1 -35 -40 -35 -39 0
-40 1 -40 35 0 34 1 35 40 35 39 0 40 -1 40 -35z"/>
</g>
</svg>
