<?xml version="1.0" standalone="no"?>
<!DOCTYPE svg PUBLIC "-//W3C//DTD SVG 20010904//EN"
 "http://www.w3.org/TR/2001/REC-SVG-20010904/DTD/svg10.dtd">
<svg version="1.0" xmlns="http://www.w3.org/2000/svg"
 width="202.000000pt" height="133.000000pt" viewBox="0 0 202.000000 133.000000"
 preserveAspectRatio="xMidYMid meet">

<g transform="translate(0.000000,133.000000) scale(0.100000,-0.100000)"
fill="#000000" stroke="none">
<path d="M420 1070 c0 -5 9 -10 20 -10 11 0 20 5 20 10 0 6 -9 10 -20 10 -11
0 -20 -4 -20 -10z"/>
<path d="M600 1070 c0 -5 9 -10 20 -10 11 0 20 5 20 10 0 6 -9 10 -20 10 -11
0 -20 -4 -20 -10z"/>
<path d="M243 1059 c25 -14 25 -114 0 -128 -14 -8 -1 -10 50 -11 75 0 107 19
107 65 0 14 5 25 10 25 14 0 12 -64 -2 -78 -9 -9 -3 -12 27 -12 30 0 36 3 27
12 -7 7 -12 32 -12 56 0 39 -2 43 -22 40 -15 -2 -30 5 -41 19 -16 20 -28 23
-90 23 -54 -1 -68 -3 -54 -11z m105 -22 c6 -5 12 -24 12 -42 0 -35 -11 -48
-47 -59 -22 -7 -23 -5 -23 52 0 32 3 61 6 65 7 6 33 -1 52 -16z"/>
<path d="M750 1046 c-6 -8 -30 -16 -53 -18 -35 -2 -43 -7 -45 -25 -2 -16 4
-26 22 -35 14 -6 26 -15 26 -20 0 -11 -17 -10 -25 2 -9 15 -25 12 -25 -6 0 -8
-4 -12 -10 -9 -5 3 -10 26 -10 51 l0 45 -72 -3 -73 -3 -3 -50 c-1 -27 -4 -61
-5 -75 -2 -21 3 -26 27 -28 43 -5 74 6 81 28 5 17 15 20 71 20 70 0 89 14 65
51 -7 12 -7 19 -1 19 5 0 10 7 10 15 0 8 5 15 10 15 6 0 10 -23 10 -51 l0 -51
79 4 c79 3 79 3 78 -22 -2 -23 2 -25 45 -28 39 -3 49 0 58 18 15 29 -3 50 -44
51 l-31 1 30 7 c24 5 31 12 33 36 2 16 9 33 15 38 7 4 -13 6 -43 5 l-55 -3 0
-38 c0 -49 -23 -49 -27 1 -3 34 -6 37 -37 40 -20 2 -37 -2 -42 -10 -12 -18
-11 -26 4 -30 8 -2 5 -11 -10 -27 l-23 -24 0 41 c0 23 5 43 13 45 10 4 10 6 0
6 -7 1 -13 8 -13 16 0 19 -14 19 -30 1z m-150 -71 c0 -41 -4 -44 -55 -37 -39
6 -39 6 -10 11 25 5 31 11 33 38 4 44 32 33 32 -12z m-62 11 c3 -12 -1 -17
-10 -14 -7 3 -15 13 -16 22 -3 12 1 17 10 14 7 -3 15 -13 16 -22z m162 14 c0
-5 -2 -10 -4 -10 -3 0 -8 5 -11 10 -3 6 -1 10 4 10 6 0 11 -4 11 -10z m155 0
c3 -5 1 -10 -4 -10 -6 0 -11 5 -11 10 0 6 2 10 4 10 3 0 8 -4 11 -10z m113
-14 c3 -12 -1 -17 -10 -14 -7 3 -15 13 -16 22 -3 12 1 17 10 14 7 -3 15 -13
16 -22z m-113 -35 c-3 -6 -11 -8 -17 -5 -6 4 -5 9 3 15 16 10 23 4 14 -10z
m-300 -51 c-3 -5 -17 -10 -31 -10 -13 0 -24 5 -24 10 0 6 14 10 31 10 17 0 28
-4 24 -10z m430 0 c-3 -5 -15 -10 -25 -10 -10 0 -22 5 -25 10 -4 6 7 10 25 10
18 0 29 -4 25 -10z"/>
<path d="M1032 1018 c-16 -16 -16 -70 0 -86 17 -17 63 -15 78 3 17 20 4 32
-19 18 -14 -9 -21 -9 -30 0 -19 19 -12 27 24 27 36 0 46 15 23 38 -15 15 -61
15 -76 0z m48 -18 c0 -5 -7 -10 -15 -10 -8 0 -15 5 -15 10 0 6 7 10 15 10 8 0
15 -4 15 -10z"/>
<path d="M1175 1020 c-4 -6 -1 -10 4 -10 13 0 15 -67 2 -75 -5 -3 -12 -1 -16
5 -10 15 -35 12 -35 -5 0 -12 13 -15 57 -15 44 0 54 3 45 12 -7 7 -12 25 -12
40 0 21 5 28 20 28 12 0 17 -5 14 -13 -3 -8 0 -26 5 -40 9 -22 17 -27 45 -27
25 0 38 6 46 20 8 16 8 20 -4 20 -8 0 -17 -4 -21 -10 -8 -13 -35 -1 -35 16 0
9 12 14 35 14 38 0 40 2 25 30 -9 16 -22 19 -90 19 -44 0 -82 -4 -85 -9z m140
-20 c3 -5 -1 -10 -9 -10 -9 0 -16 5 -16 10 0 6 4 10 9 10 6 0 13 -4 16 -10z"/>
</g>
</svg>
