<?xml version="1.0" standalone="no"?>
<!DOCTYPE svg PUBLIC "-//W3C//DTD SVG 20010904//EN"
 "http://www.w3.org/TR/2001/REC-SVG-20010904/DTD/svg10.dtd">
<svg version="1.0" xmlns="http://www.w3.org/2000/svg"
 width="70.000000pt" height="70.000000pt" viewBox="0 0 70.000000 70.000000"
 preserveAspectRatio="xMidYMid meet">

<g transform="translate(0.000000,70.000000) scale(0.100000,-0.100000)"
fill="#000000" stroke="none">
<path d="M253 686 c-103 -34 -176 -98 -222 -196 -22 -46 -26 -69 -26 -140 0
-76 4 -93 33 -152 38 -77 92 -130 171 -167 47 -22 70 -26 141 -26 71 0 94 4
141 26 79 37 133 90 171 167 29 59 33 76 33 152 0 71 -4 94 -26 141 -58 124
-169 199 -302 205 -43 3 -89 -2 -114 -10z m158 -134 c44 -39 44 -95 0 -134
-19 -17 -43 -28 -61 -28 -18 0 -42 11 -61 28 -44 39 -44 95 0 134 41 37 81 37
122 0z m44 -256 c33 -22 55 -56 62 -100 l6 -36 -172 0 c-165 0 -171 1 -171 20
0 54 44 113 96 130 42 14 150 5 179 -14z"/>
</g>
</svg>
